0000000000000000000000000000000000000000000000000000000000010010
0000000000000000000000000000000100000000000001000000000000110111
0000000000000000000000000000000100000000000001000000000000110111
0000000000000000000000000000000100000000000000110000000000110111
0000000000000000000000000000000100000000000001000000000000110111
0000000000000000000000000000000100000000000001000000000000110111
0000000000000000000000000000000100000000000001000000000000110111
0000000000000000000000000000000100000000000001000000000000110111
0000000000000000000000000000001000000000000001100000000000111001
0000000000000000000000000000001000000000000010000000000000111001
0000000000000000000000000000000100000000000010000000000000111000
0000000000000000000000000000001000000000000000000000000000100110
0000000000000000000000000000001000000000000010000000000000111001
0000000000000000000000000000000100000000000010000000000000111000
0000000000000000000000000000001000000000000000000000000000100110
0000000000000000000000000000001000000000000010000000000000111001
0000000000000000000000000000000100000000000010000000000000111000
0000000000000000000000000000001000000000000000000000000001010000
0000000000000000000000000000000100000000000010000000000000111000
0000000000000000000000000000001000000000000000000000000001010000
0000000000000000000000000000001000000000000000000000000000101000
0000000000000000000000000000001000000000000010000000000000111001
0000000000000000000000000000000100000000000010000000000000111000
0000000000000000000000000000001100000000000000000000000001010000
0000000000000000000000000000001000000000000010000000000000111001
0000000000000000000000000000001000000000000010000000000000111001
0000000000000000000000000000000100000000000010000000000000111000
0000000000000000000000000000000100000000000010000000000000111000
0000000000000000000000000000001000000000000000000000000001010000
0000000000000000000000000000000100000000000000000000000000011001
